0,-29.5,-29.5,-345
1,29.5,-29.5,-345
2,-29.5,29.5,-345
3,29.5,29.5,-345
4,-29.5,-29.5,-287
5,29.5,-29.5,-287
6,-29.5,29.5,-287
7,29.5,29.5,-287
8,-29.5,-29.5,-229
9,29.5,-29.5,-229
10,-29.5,29.5,-229
11,29.5,29.5,-229
12,-29.5,-29.5,-171
13,29.5,-29.5,-171
14,-29.5,29.5,-171
15,29.5,29.5,-171
16,-29.5,-29.5,-113
17,29.5,-29.5,-113
18,-29.5,29.5,-113
19,29.5,29.5,-113
20,-29.5,-29.5,-55
21,29.5,-29.5,-55
22,-29.5,29.5,-55
23,29.5,29.5,-55
24,-29.5,-29.5,3
25,29.5,-29.5,3
26,-29.5,29.5,3
27,29.5,29.5,3
28,-29.5,-29.5,61
29,29.5,-29.5,61
30,-29.5,29.5,61
31,29.5,29.5,61
32,-29.5,-29.5,119
33,29.5,-29.5,119
34,-29.5,29.5,119
35,29.5,29.5,119
36,-29.5,-29.5,177
37,29.5,-29.5,177
38,-29.5,29.5,177
39,29.5,29.5,177
40,-29.5,-29.5,235
41,29.5,-29.5,235
42,-29.5,29.5,235
43,29.5,29.5,235
44,-29.5,-29.5,293
45,29.5,-29.5,293
46,-29.5,29.5,293
47,29.5,29.5,293
48,-29.5,-29.5,351
49,29.5,-29.5,351
50,-29.5,29.5,351
51,29.5,29.5,351
52,117.5,-29.5,-345
53,176.5,-29.5,-345
54,117.5,29.5,-345
55,176.5,29.5,-345
56,117.5,-29.5,-287
57,176.5,-29.5,-287
58,117.5,29.5,-287
59,176.5,29.5,-287
60,117.5,-29.5,-229
61,176.5,-29.5,-229
62,117.5,29.5,-229
63,176.5,29.5,-229
64,117.5,-29.5,-171
65,176.5,-29.5,-171
66,117.5,29.5,-171
67,176.5,29.5,-171
68,117.5,-29.5,-113
69,176.5,-29.5,-113
70,117.5,29.5,-113
71,176.5,29.5,-113
72,117.5,-29.5,-55
73,176.5,-29.5,-55
74,117.5,29.5,-55
75,176.5,29.5,-55
76,117.5,-29.5,3
77,176.5,-29.5,3
78,117.5,29.5,3
79,176.5,29.5,3
80,117.5,-29.5,61
81,176.5,-29.5,61
82,117.5,29.5,61
83,176.5,29.5,61
84,117.5,-29.5,119
85,176.5,-29.5,119
86,117.5,29.5,119
87,176.5,29.5,119
88,117.5,-29.5,177
89,176.5,-29.5,177
90,117.5,29.5,177
91,176.5,29.5,177
92,117.5,-29.5,235
93,176.5,-29.5,235
94,117.5,29.5,235
95,176.5,29.5,235
96,117.5,-29.5,293
97,176.5,-29.5,293
98,117.5,29.5,293
99,176.5,29.5,293
100,117.5,-29.5,351
101,176.5,-29.5,351
102,117.5,29.5,351
103,176.5,29.5,351
104,-176.5,-29.5,-345
105,-117.5,-29.5,-345
106,-176.5,29.5,-345
107,-117.5,29.5,-345
108,-176.5,-29.5,-287
109,-117.5,-29.5,-287
110,-176.5,29.5,-287
111,-117.5,29.5,-287
112,-176.5,-29.5,-229
113,-117.5,-29.5,-229
114,-176.5,29.5,-229
115,-117.5,29.5,-229
116,-176.5,-29.5,-171
117,-117.5,-29.5,-171
118,-176.5,29.5,-171
119,-117.5,29.5,-171
120,-176.5,-29.5,-113
121,-117.5,-29.5,-113
122,-176.5,29.5,-113
123,-117.5,29.5,-113
124,-176.5,-29.5,-55
125,-117.5,-29.5,-55
126,-176.5,29.5,-55
127,-117.5,29.5,-55
128,-176.5,-29.5,3
129,-117.5,-29.5,3
130,-176.5,29.5,3
131,-117.5,29.5,3
132,-176.5,-29.5,61
133,-117.5,-29.5,61
134,-176.5,29.5,61
135,-117.5,29.5,61
136,-176.5,-29.5,119
137,-117.5,-29.5,119
138,-176.5,29.5,119
139,-117.5,29.5,119
140,-176.5,-29.5,177
141,-117.5,-29.5,177
142,-176.5,29.5,177
143,-117.5,29.5,177
144,-176.5,-29.5,235
145,-117.5,-29.5,235
146,-176.5,29.5,235
147,-117.5,29.5,235
148,-176.5,-29.5,293
149,-117.5,-29.5,293
150,-176.5,29.5,293
151,-117.5,29.5,293
152,-176.5,-29.5,351
153,-117.5,-29.5,351
154,-176.5,29.5,351
155,-117.5,29.5,351
156,264.5,-29.5,-345
157,323.5,-29.5,-345
158,264.5,29.5,-345
159,323.5,29.5,-345
160,264.5,-29.5,-287
161,323.5,-29.5,-287
162,264.5,29.5,-287
163,323.5,29.5,-287
164,264.5,-29.5,-229
165,323.5,-29.5,-229
166,264.5,29.5,-229
167,323.5,29.5,-229
168,264.5,-29.5,-171
169,323.5,-29.5,-171
170,264.5,29.5,-171
171,323.5,29.5,-171
172,264.5,-29.5,-113
173,323.5,-29.5,-113
174,264.5,29.5,-113
175,323.5,29.5,-113
176,264.5,-29.5,-55
177,323.5,-29.5,-55
178,264.5,29.5,-55
179,323.5,29.5,-55
180,264.5,-29.5,3
181,323.5,-29.5,3
182,264.5,29.5,3
183,323.5,29.5,3
184,264.5,-29.5,61
185,323.5,-29.5,61
186,264.5,29.5,61
187,323.5,29.5,61
188,264.5,-29.5,119
189,323.5,-29.5,119
190,264.5,29.5,119
191,323.5,29.5,119
192,264.5,-29.5,177
193,323.5,-29.5,177
194,264.5,29.5,177
195,323.5,29.5,177
196,264.5,-29.5,235
197,323.5,-29.5,235
198,264.5,29.5,235
199,323.5,29.5,235
200,264.5,-29.5,293
201,323.5,-29.5,293
202,264.5,29.5,293
203,323.5,29.5,293
204,264.5,-29.5,351
205,323.5,-29.5,351
206,264.5,29.5,351
207,323.5,29.5,351
208,-323.5,-29.5,-345
209,-264.5,-29.5,-345
210,-323.5,29.5,-345
211,-264.5,29.5,-345
212,-323.5,-29.5,-287
213,-264.5,-29.5,-287
214,-323.5,29.5,-287
215,-264.5,29.5,-287
216,-323.5,-29.5,-229
217,-264.5,-29.5,-229
218,-323.5,29.5,-229
219,-264.5,29.5,-229
220,-323.5,-29.5,-171
221,-264.5,-29.5,-171
222,-323.5,29.5,-171
223,-264.5,29.5,-171
224,-323.5,-29.5,-113
225,-264.5,-29.5,-113
226,-323.5,29.5,-113
227,-264.5,29.5,-113
228,-323.5,-29.5,-55
229,-264.5,-29.5,-55
230,-323.5,29.5,-55
231,-264.5,29.5,-55
232,-323.5,-29.5,3
233,-264.5,-29.5,3
234,-323.5,29.5,3
235,-264.5,29.5,3
236,-323.5,-29.5,61
237,-264.5,-29.5,61
238,-323.5,29.5,61
239,-264.5,29.5,61
240,-323.5,-29.5,119
241,-264.5,-29.5,119
242,-323.5,29.5,119
243,-264.5,29.5,119
244,-323.5,-29.5,177
245,-264.5,-29.5,177
246,-323.5,29.5,177
247,-264.5,29.5,177
248,-323.5,-29.5,235
249,-264.5,-29.5,235
250,-323.5,29.5,235
251,-264.5,29.5,235
252,-323.5,-29.5,293
253,-264.5,-29.5,293
254,-323.5,29.5,293
255,-264.5,29.5,293
256,-323.5,-29.5,351
257,-264.5,-29.5,351
258,-323.5,29.5,351
259,-264.5,29.5,351
260,44.0,117.5,-345
261,103.0,117.5,-345
262,44.0,176.5,-345
263,103.0,176.5,-345
264,44.0,117.5,-287
265,103.0,117.5,-287
266,44.0,176.5,-287
267,103.0,176.5,-287
268,44.0,117.5,-229
269,103.0,117.5,-229
270,44.0,176.5,-229
271,103.0,176.5,-229
272,44.0,117.5,-171
273,103.0,117.5,-171
274,44.0,176.5,-171
275,103.0,176.5,-171
276,44.0,117.5,-113
277,103.0,117.5,-113
278,44.0,176.5,-113
279,103.0,176.5,-113
280,44.0,117.5,-55
281,103.0,117.5,-55
282,44.0,176.5,-55
283,103.0,176.5,-55
284,44.0,117.5,3
285,103.0,117.5,3
286,44.0,176.5,3
287,103.0,176.5,3
288,44.0,117.5,61
289,103.0,117.5,61
290,44.0,176.5,61
291,103.0,176.5,61
292,44.0,117.5,119
293,103.0,117.5,119
294,44.0,176.5,119
295,103.0,176.5,119
296,44.0,117.5,177
297,103.0,117.5,177
298,44.0,176.5,177
299,103.0,176.5,177
300,44.0,117.5,235
301,103.0,117.5,235
302,44.0,176.5,235
303,103.0,176.5,235
304,44.0,117.5,293
305,103.0,117.5,293
306,44.0,176.5,293
307,103.0,176.5,293
308,44.0,117.5,351
309,103.0,117.5,351
310,44.0,176.5,351
311,103.0,176.5,351
312,-103.0,117.5,-345
313,-44.0,117.5,-345
314,-103.0,176.5,-345
315,-44.0,176.5,-345
316,-103.0,117.5,-287
317,-44.0,117.5,-287
318,-103.0,176.5,-287
319,-44.0,176.5,-287
320,-103.0,117.5,-229
321,-44.0,117.5,-229
322,-103.0,176.5,-229
323,-44.0,176.5,-229
324,-103.0,117.5,-171
325,-44.0,117.5,-171
326,-103.0,176.5,-171
327,-44.0,176.5,-171
328,-103.0,117.5,-113
329,-44.0,117.5,-113
330,-103.0,176.5,-113
331,-44.0,176.5,-113
332,-103.0,117.5,-55
333,-44.0,117.5,-55
334,-103.0,176.5,-55
335,-44.0,176.5,-55
336,-103.0,117.5,3
337,-44.0,117.5,3
338,-103.0,176.5,3
339,-44.0,176.5,3
340,-103.0,117.5,61
341,-44.0,117.5,61
342,-103.0,176.5,61
343,-44.0,176.5,61
344,-103.0,117.5,119
345,-44.0,117.5,119
346,-103.0,176.5,119
347,-44.0,176.5,119
348,-103.0,117.5,177
349,-44.0,117.5,177
350,-103.0,176.5,177
351,-44.0,176.5,177
352,-103.0,117.5,235
353,-44.0,117.5,235
354,-103.0,176.5,235
355,-44.0,176.5,235
356,-103.0,117.5,293
357,-44.0,117.5,293
358,-103.0,176.5,293
359,-44.0,176.5,293
360,-103.0,117.5,351
361,-44.0,117.5,351
362,-103.0,176.5,351
363,-44.0,176.5,351
364,191.0,117.5,-345
365,250.0,117.5,-345
366,191.0,176.5,-345
367,250.0,176.5,-345
368,191.0,117.5,-287
369,250.0,117.5,-287
370,191.0,176.5,-287
371,250.0,176.5,-287
372,191.0,117.5,-229
373,250.0,117.5,-229
374,191.0,176.5,-229
375,250.0,176.5,-229
376,191.0,117.5,-171
377,250.0,117.5,-171
378,191.0,176.5,-171
379,250.0,176.5,-171
380,191.0,117.5,-113
381,250.0,117.5,-113
382,191.0,176.5,-113
383,250.0,176.5,-113
384,191.0,117.5,-55
385,250.0,117.5,-55
386,191.0,176.5,-55
387,250.0,176.5,-55
388,191.0,117.5,3
389,250.0,117.5,3
390,191.0,176.5,3
391,250.0,176.5,3
392,191.0,117.5,61
393,250.0,117.5,61
394,191.0,176.5,61
395,250.0,176.5,61
396,191.0,117.5,119
397,250.0,117.5,119
398,191.0,176.5,119
399,250.0,176.5,119
400,191.0,117.5,177
401,250.0,117.5,177
402,191.0,176.5,177
403,250.0,176.5,177
404,191.0,117.5,235
405,250.0,117.5,235
406,191.0,176.5,235
407,250.0,176.5,235
408,191.0,117.5,293
409,250.0,117.5,293
410,191.0,176.5,293
411,250.0,176.5,293
412,191.0,117.5,351
413,250.0,117.5,351
414,191.0,176.5,351
415,250.0,176.5,351
416,-250.0,117.5,-345
417,-191.0,117.5,-345
418,-250.0,176.5,-345
419,-191.0,176.5,-345
420,-250.0,117.5,-287
421,-191.0,117.5,-287
422,-250.0,176.5,-287
423,-191.0,176.5,-287
424,-250.0,117.5,-229
425,-191.0,117.5,-229
426,-250.0,176.5,-229
427,-191.0,176.5,-229
428,-250.0,117.5,-171
429,-191.0,117.5,-171
430,-250.0,176.5,-171
431,-191.0,176.5,-171
432,-250.0,117.5,-113
433,-191.0,117.5,-113
434,-250.0,176.5,-113
435,-191.0,176.5,-113
436,-250.0,117.5,-55
437,-191.0,117.5,-55
438,-250.0,176.5,-55
439,-191.0,176.5,-55
440,-250.0,117.5,3
441,-191.0,117.5,3
442,-250.0,176.5,3
443,-191.0,176.5,3
444,-250.0,117.5,61
445,-191.0,117.5,61
446,-250.0,176.5,61
447,-191.0,176.5,61
448,-250.0,117.5,119
449,-191.0,117.5,119
450,-250.0,176.5,119
451,-191.0,176.5,119
452,-250.0,117.5,177
453,-191.0,117.5,177
454,-250.0,176.5,177
455,-191.0,176.5,177
456,-250.0,117.5,235
457,-191.0,117.5,235
458,-250.0,176.5,235
459,-191.0,176.5,235
460,-250.0,117.5,293
461,-191.0,117.5,293
462,-250.0,176.5,293
463,-191.0,176.5,293
464,-250.0,117.5,351
465,-191.0,117.5,351
466,-250.0,176.5,351
467,-191.0,176.5,351
468,44.0,-176.5,-345
469,103.0,-176.5,-345
470,44.0,-117.5,-345
471,103.0,-117.5,-345
472,44.0,-176.5,-287
473,103.0,-176.5,-287
474,44.0,-117.5,-287
475,103.0,-117.5,-287
476,44.0,-176.5,-229
477,103.0,-176.5,-229
478,44.0,-117.5,-229
479,103.0,-117.5,-229
480,44.0,-176.5,-171
481,103.0,-176.5,-171
482,44.0,-117.5,-171
483,103.0,-117.5,-171
484,44.0,-176.5,-113
485,103.0,-176.5,-113
486,44.0,-117.5,-113
487,103.0,-117.5,-113
488,44.0,-176.5,-55
489,103.0,-176.5,-55
490,44.0,-117.5,-55
491,103.0,-117.5,-55
492,44.0,-176.5,3
493,103.0,-176.5,3
494,44.0,-117.5,3
495,103.0,-117.5,3
496,44.0,-176.5,61
497,103.0,-176.5,61
498,44.0,-117.5,61
499,103.0,-117.5,61
500,44.0,-176.5,119
501,103.0,-176.5,119
502,44.0,-117.5,119
503,103.0,-117.5,119
504,44.0,-176.5,177
505,103.0,-176.5,177
506,44.0,-117.5,177
507,103.0,-117.5,177
508,44.0,-176.5,235
509,103.0,-176.5,235
510,44.0,-117.5,235
511,103.0,-117.5,235
512,44.0,-176.5,293
513,103.0,-176.5,293
514,44.0,-117.5,293
515,103.0,-117.5,293
516,44.0,-176.5,351
517,103.0,-176.5,351
518,44.0,-117.5,351
519,103.0,-117.5,351
520,-103.0,-176.5,-345
521,-44.0,-176.5,-345
522,-103.0,-117.5,-345
523,-44.0,-117.5,-345
524,-103.0,-176.5,-287
525,-44.0,-176.5,-287
526,-103.0,-117.5,-287
527,-44.0,-117.5,-287
528,-103.0,-176.5,-229
529,-44.0,-176.5,-229
530,-103.0,-117.5,-229
531,-44.0,-117.5,-229
532,-103.0,-176.5,-171
533,-44.0,-176.5,-171
534,-103.0,-117.5,-171
535,-44.0,-117.5,-171
536,-103.0,-176.5,-113
537,-44.0,-176.5,-113
538,-103.0,-117.5,-113
539,-44.0,-117.5,-113
540,-103.0,-176.5,-55
541,-44.0,-176.5,-55
542,-103.0,-117.5,-55
543,-44.0,-117.5,-55
544,-103.0,-176.5,3
545,-44.0,-176.5,3
546,-103.0,-117.5,3
547,-44.0,-117.5,3
548,-103.0,-176.5,61
549,-44.0,-176.5,61
550,-103.0,-117.5,61
551,-44.0,-117.5,61
552,-103.0,-176.5,119
553,-44.0,-176.5,119
554,-103.0,-117.5,119
555,-44.0,-117.5,119
556,-103.0,-176.5,177
557,-44.0,-176.5,177
558,-103.0,-117.5,177
559,-44.0,-117.5,177
560,-103.0,-176.5,235
561,-44.0,-176.5,235
562,-103.0,-117.5,235
563,-44.0,-117.5,235
564,-103.0,-176.5,293
565,-44.0,-176.5,293
566,-103.0,-117.5,293
567,-44.0,-117.5,293
568,-103.0,-176.5,351
569,-44.0,-176.5,351
570,-103.0,-117.5,351
571,-44.0,-117.5,351
572,191.0,-176.5,-345
573,250.0,-176.5,-345
574,191.0,-117.5,-345
575,250.0,-117.5,-345
576,191.0,-176.5,-287
577,250.0,-176.5,-287
578,191.0,-117.5,-287
579,250.0,-117.5,-287
580,191.0,-176.5,-229
581,250.0,-176.5,-229
582,191.0,-117.5,-229
583,250.0,-117.5,-229
584,191.0,-176.5,-171
585,250.0,-176.5,-171
586,191.0,-117.5,-171
587,250.0,-117.5,-171
588,191.0,-176.5,-113
589,250.0,-176.5,-113
590,191.0,-117.5,-113
591,250.0,-117.5,-113
592,191.0,-176.5,-55
593,250.0,-176.5,-55
594,191.0,-117.5,-55
595,250.0,-117.5,-55
596,191.0,-176.5,3
597,250.0,-176.5,3
598,191.0,-117.5,3
599,250.0,-117.5,3
600,191.0,-176.5,61
601,250.0,-176.5,61
602,191.0,-117.5,61
603,250.0,-117.5,61
604,191.0,-176.5,119
605,250.0,-176.5,119
606,191.0,-117.5,119
607,250.0,-117.5,119
608,191.0,-176.5,177
609,250.0,-176.5,177
610,191.0,-117.5,177
611,250.0,-117.5,177
612,191.0,-176.5,235
613,250.0,-176.5,235
614,191.0,-117.5,235
615,250.0,-117.5,235
616,191.0,-176.5,293
617,250.0,-176.5,293
618,191.0,-117.5,293
619,250.0,-117.5,293
620,191.0,-176.5,351
621,250.0,-176.5,351
622,191.0,-117.5,351
623,250.0,-117.5,351
624,-250.0,-176.5,-345
625,-191.0,-176.5,-345
626,-250.0,-117.5,-345
627,-191.0,-117.5,-345
628,-250.0,-176.5,-287
629,-191.0,-176.5,-287
630,-250.0,-117.5,-287
631,-191.0,-117.5,-287
632,-250.0,-176.5,-229
633,-191.0,-176.5,-229
634,-250.0,-117.5,-229
635,-191.0,-117.5,-229
636,-250.0,-176.5,-171
637,-191.0,-176.5,-171
638,-250.0,-117.5,-171
639,-191.0,-117.5,-171
640,-250.0,-176.5,-113
641,-191.0,-176.5,-113
642,-250.0,-117.5,-113
643,-191.0,-117.5,-113
644,-250.0,-176.5,-55
645,-191.0,-176.5,-55
646,-250.0,-117.5,-55
647,-191.0,-117.5,-55
648,-250.0,-176.5,3
649,-191.0,-176.5,3
650,-250.0,-117.5,3
651,-191.0,-117.5,3
652,-250.0,-176.5,61
653,-191.0,-176.5,61
654,-250.0,-117.5,61
655,-191.0,-117.5,61
656,-250.0,-176.5,119
657,-191.0,-176.5,119
658,-250.0,-117.5,119
659,-191.0,-117.5,119
660,-250.0,-176.5,177
661,-191.0,-176.5,177
662,-250.0,-117.5,177
663,-191.0,-117.5,177
664,-250.0,-176.5,235
665,-191.0,-176.5,235
666,-250.0,-117.5,235
667,-191.0,-117.5,235
668,-250.0,-176.5,293
669,-191.0,-176.5,293
670,-250.0,-117.5,293
671,-191.0,-117.5,293
672,-250.0,-176.5,351
673,-191.0,-176.5,351
674,-250.0,-117.5,351
675,-191.0,-117.5,351
676,-29.5,264.5,-345
677,29.5,264.5,-345
678,-29.5,323.5,-345
679,29.5,323.5,-345
680,-29.5,264.5,-287
681,29.5,264.5,-287
682,-29.5,323.5,-287
683,29.5,323.5,-287
684,-29.5,264.5,-229
685,29.5,264.5,-229
686,-29.5,323.5,-229
687,29.5,323.5,-229
688,-29.5,264.5,-171
689,29.5,264.5,-171
690,-29.5,323.5,-171
691,29.5,323.5,-171
692,-29.5,264.5,-113
693,29.5,264.5,-113
694,-29.5,323.5,-113
695,29.5,323.5,-113
696,-29.5,264.5,-55
697,29.5,264.5,-55
698,-29.5,323.5,-55
699,29.5,323.5,-55
700,-29.5,264.5,3
701,29.5,264.5,3
702,-29.5,323.5,3
703,29.5,323.5,3
704,-29.5,264.5,61
705,29.5,264.5,61
706,-29.5,323.5,61
707,29.5,323.5,61
708,-29.5,264.5,119
709,29.5,264.5,119
710,-29.5,323.5,119
711,29.5,323.5,119
712,-29.5,264.5,177
713,29.5,264.5,177
714,-29.5,323.5,177
715,29.5,323.5,177
716,-29.5,264.5,235
717,29.5,264.5,235
718,-29.5,323.5,235
719,29.5,323.5,235
720,-29.5,264.5,293
721,29.5,264.5,293
722,-29.5,323.5,293
723,29.5,323.5,293
724,-29.5,264.5,351
725,29.5,264.5,351
726,-29.5,323.5,351
727,29.5,323.5,351
728,117.5,264.5,-345
729,176.5,264.5,-345
730,117.5,323.5,-345
731,176.5,323.5,-345
732,117.5,264.5,-287
733,176.5,264.5,-287
734,117.5,323.5,-287
735,176.5,323.5,-287
736,117.5,264.5,-229
737,176.5,264.5,-229
738,117.5,323.5,-229
739,176.5,323.5,-229
740,117.5,264.5,-171
741,176.5,264.5,-171
742,117.5,323.5,-171
743,176.5,323.5,-171
744,117.5,264.5,-113
745,176.5,264.5,-113
746,117.5,323.5,-113
747,176.5,323.5,-113
748,117.5,264.5,-55
749,176.5,264.5,-55
750,117.5,323.5,-55
751,176.5,323.5,-55
752,117.5,264.5,3
753,176.5,264.5,3
754,117.5,323.5,3
755,176.5,323.5,3
756,117.5,264.5,61
757,176.5,264.5,61
758,117.5,323.5,61
759,176.5,323.5,61
760,117.5,264.5,119
761,176.5,264.5,119
762,117.5,323.5,119
763,176.5,323.5,119
764,117.5,264.5,177
765,176.5,264.5,177
766,117.5,323.5,177
767,176.5,323.5,177
768,117.5,264.5,235
769,176.5,264.5,235
770,117.5,323.5,235
771,176.5,323.5,235
772,117.5,264.5,293
773,176.5,264.5,293
774,117.5,323.5,293
775,176.5,323.5,293
776,117.5,264.5,351
777,176.5,264.5,351
778,117.5,323.5,351
779,176.5,323.5,351
780,-176.5,264.5,-345
781,-117.5,264.5,-345
782,-176.5,323.5,-345
783,-117.5,323.5,-345
784,-176.5,264.5,-287
785,-117.5,264.5,-287
786,-176.5,323.5,-287
787,-117.5,323.5,-287
788,-176.5,264.5,-229
789,-117.5,264.5,-229
790,-176.5,323.5,-229
791,-117.5,323.5,-229
792,-176.5,264.5,-171
793,-117.5,264.5,-171
794,-176.5,323.5,-171
795,-117.5,323.5,-171
796,-176.5,264.5,-113
797,-117.5,264.5,-113
798,-176.5,323.5,-113
799,-117.5,323.5,-113
800,-176.5,264.5,-55
801,-117.5,264.5,-55
802,-176.5,323.5,-55
803,-117.5,323.5,-55
804,-176.5,264.5,3
805,-117.5,264.5,3
806,-176.5,323.5,3
807,-117.5,323.5,3
808,-176.5,264.5,61
809,-117.5,264.5,61
810,-176.5,323.5,61
811,-117.5,323.5,61
812,-176.5,264.5,119
813,-117.5,264.5,119
814,-176.5,323.5,119
815,-117.5,323.5,119
816,-176.5,264.5,177
817,-117.5,264.5,177
818,-176.5,323.5,177
819,-117.5,323.5,177
820,-176.5,264.5,235
821,-117.5,264.5,235
822,-176.5,323.5,235
823,-117.5,323.5,235
824,-176.5,264.5,293
825,-117.5,264.5,293
826,-176.5,323.5,293
827,-117.5,323.5,293
828,-176.5,264.5,351
829,-117.5,264.5,351
830,-176.5,323.5,351
831,-117.5,323.5,351
832,-29.5,-323.5,-345
833,29.5,-323.5,-345
834,-29.5,-264.5,-345
835,29.5,-264.5,-345
836,-29.5,-323.5,-287
837,29.5,-323.5,-287
838,-29.5,-264.5,-287
839,29.5,-264.5,-287
840,-29.5,-323.5,-229
841,29.5,-323.5,-229
842,-29.5,-264.5,-229
843,29.5,-264.5,-229
844,-29.5,-323.5,-171
845,29.5,-323.5,-171
846,-29.5,-264.5,-171
847,29.5,-264.5,-171
848,-29.5,-323.5,-113
849,29.5,-323.5,-113
850,-29.5,-264.5,-113
851,29.5,-264.5,-113
852,-29.5,-323.5,-55
853,29.5,-323.5,-55
854,-29.5,-264.5,-55
855,29.5,-264.5,-55
856,-29.5,-323.5,3
857,29.5,-323.5,3
858,-29.5,-264.5,3
859,29.5,-264.5,3
860,-29.5,-323.5,61
861,29.5,-323.5,61
862,-29.5,-264.5,61
863,29.5,-264.5,61
864,-29.5,-323.5,119
865,29.5,-323.5,119
866,-29.5,-264.5,119
867,29.5,-264.5,119
868,-29.5,-323.5,177
869,29.5,-323.5,177
870,-29.5,-264.5,177
871,29.5,-264.5,177
872,-29.5,-323.5,235
873,29.5,-323.5,235
874,-29.5,-264.5,235
875,29.5,-264.5,235
876,-29.5,-323.5,293
877,29.5,-323.5,293
878,-29.5,-264.5,293
879,29.5,-264.5,293
880,-29.5,-323.5,351
881,29.5,-323.5,351
882,-29.5,-264.5,351
883,29.5,-264.5,351
884,117.5,-323.5,-345
885,176.5,-323.5,-345
886,117.5,-264.5,-345
887,176.5,-264.5,-345
888,117.5,-323.5,-287
889,176.5,-323.5,-287
890,117.5,-264.5,-287
891,176.5,-264.5,-287
892,117.5,-323.5,-229
893,176.5,-323.5,-229
894,117.5,-264.5,-229
895,176.5,-264.5,-229
896,117.5,-323.5,-171
897,176.5,-323.5,-171
898,117.5,-264.5,-171
899,176.5,-264.5,-171
900,117.5,-323.5,-113
901,176.5,-323.5,-113
902,117.5,-264.5,-113
903,176.5,-264.5,-113
904,117.5,-323.5,-55
905,176.5,-323.5,-55
906,117.5,-264.5,-55
907,176.5,-264.5,-55
908,117.5,-323.5,3
909,176.5,-323.5,3
910,117.5,-264.5,3
911,176.5,-264.5,3
912,117.5,-323.5,61
913,176.5,-323.5,61
914,117.5,-264.5,61
915,176.5,-264.5,61
916,117.5,-323.5,119
917,176.5,-323.5,119
918,117.5,-264.5,119
919,176.5,-264.5,119
920,117.5,-323.5,177
921,176.5,-323.5,177
922,117.5,-264.5,177
923,176.5,-264.5,177
924,117.5,-323.5,235
925,176.5,-323.5,235
926,117.5,-264.5,235
927,176.5,-264.5,235
928,117.5,-323.5,293
929,176.5,-323.5,293
930,117.5,-264.5,293
931,176.5,-264.5,293
932,117.5,-323.5,351
933,176.5,-323.5,351
934,117.5,-264.5,351
935,176.5,-264.5,351
936,-176.5,-323.5,-345
937,-117.5,-323.5,-345
938,-176.5,-264.5,-345
939,-117.5,-264.5,-345
940,-176.5,-323.5,-287
941,-117.5,-323.5,-287
942,-176.5,-264.5,-287
943,-117.5,-264.5,-287
944,-176.5,-323.5,-229
945,-117.5,-323.5,-229
946,-176.5,-264.5,-229
947,-117.5,-264.5,-229
948,-176.5,-323.5,-171
949,-117.5,-323.5,-171
950,-176.5,-264.5,-171
951,-117.5,-264.5,-171
952,-176.5,-323.5,-113
953,-117.5,-323.5,-113
954,-176.5,-264.5,-113
955,-117.5,-264.5,-113
956,-176.5,-323.5,-55
957,-117.5,-323.5,-55
958,-176.5,-264.5,-55
959,-117.5,-264.5,-55
960,-176.5,-323.5,3
961,-117.5,-323.5,3
962,-176.5,-264.5,3
963,-117.5,-264.5,3
964,-176.5,-323.5,61
965,-117.5,-323.5,61
966,-176.5,-264.5,61
967,-117.5,-264.5,61
968,-176.5,-323.5,119
969,-117.5,-323.5,119
970,-176.5,-264.5,119
971,-117.5,-264.5,119
972,-176.5,-323.5,177
973,-117.5,-323.5,177
974,-176.5,-264.5,177
975,-117.5,-264.5,177
976,-176.5,-323.5,235
977,-117.5,-323.5,235
978,-176.5,-264.5,235
979,-117.5,-264.5,235
980,-176.5,-323.5,293
981,-117.5,-323.5,293
982,-176.5,-264.5,293
983,-117.5,-264.5,293
984,-176.5,-323.5,351
985,-117.5,-323.5,351
986,-176.5,-264.5,351
987,-117.5,-264.5,351
